19386
3063
18175
859
27583
1021
10221
27775
20747
15789
14485
29182
22463
15095
10439
25079
23407
2593
26994
3967
16383
1647
7671
1470
6072
29653
26366
8135
12115
15807
6103
5502
27645
2206
7791
3071
13276
22855
831
9914
27995
14511
7679
6378
16063
10908
21083
15871
10197
14334
7799
12789
21556
32239
9199
20471
22071
24557
10561
7981
14199
24059
19873
12119
15966
21083
27103
24319
1023
14255
3061
5853
23889
7095
11373
143
12279
23067
3146
10739
5615
5599
18947
20994
2326
2700
13845
24457
6307
16815
7551
13311
1022
14687
8123
23452
4603
24308
9215
27437
21935
9969
20285
12610
8695
2046
7595
8095
29619
5119
7677
8158
2783
110
10207
31995
5564
16127
25598
24181
12206
15921
2803
18367
27251
13183
10221
15806
14719
12181
15087
3067
2420
15807
12063
5371
10152
511
13759
22955
12221
17263
8059
5076
16378
11511
16383
5119
7807
1295
24539
5331
6583
119
1359
7227
23415
7030
13247
9817
2743
12218
17454
3215
9211
6939
15871
3454
20122
7861
187
991
7767
5051
8190
23543
7415
6527
26743
18351
20223
6150
21725
20415
23485
6623
16245
15961
17818
12031
12151
19319
22444
7927
8022
1531
11251
8159
7996
13337
4059
1023
29618
16111
18933
28146
7165
2399
4094
13162
27061
5367
8317
1993
949
19446
22198
24541
345
14311
16605
16383
8351
2559
4452
16374
2015
3549
8372
6104
10647
4979
16365
1747
11237
14119
7028
16719
14255
13110
16316
9199
24415
11595
8159
14015
8575
15866
10231
8875
7087
10239
2685
7677
355
8191
1422
5933
6284
15864
4095
14303
21247
12873
16383
27662
18047
23467
24430
2535
7803
11247
20479
15173
12511
3567
3499
19893
19678
8057
8031
2812
19928
13264
2385
3959
5630
23978
8194
3370
19403
2750
15095
30622
11254
28191
1911
1374
1269
22007
961
4081
9151
720
2743
23599
28671
2179
11463
2167
20478
13161
12287
7669
9727
6283
18302
21697
13402
17918
18852
30651
767
7547
18559
3882
12759
4095
4847
4015
16381
24155
26223
8589
9533
24425
19935
11923
14418
18951
1526
6079
15355
11005
16241
11199
7291
28909
21489
16095
12961
7811
10169
14265
0
11998
2047
2304
16093
14016
28415
25535
24543
6005
1386
11229
27215
21741
5887
23005
26619
1783
7672
15809
10173
4929
14318
19935
7103
20025
6471
23986
6831
24043
765
14047
28663
16249
30975
8186
20485
16319
24502
12718
16377
817
2030
7198
6139
25686
24434
27582
8055
6971
15355
207
18526
9887
16045
15535
16303
11861
16383
17407
4047
13759
24255
21786
22517
14463
14335
24559
3884
4960
13685
13548
3071
7677
9719
24499
16316
28762
3515
588
23480
17897
26184
13554
26813
14748
23528
23597
12423
2043
9722
2821
2971
8186
18427
3596
13822
892
4049
3831
17612
7295
23995
10207
10623
26043
4079
16375
2365
765
5368
10747
11239
27643
8181
5855
16190
15713
14069
4083
27318
20479
827
19963
12254
30059
31464
30207
20083
16766
24175
661
7097
22399
2303
6140
16841
11194
18909
8695
15869
22459
11754
7405
1149
10362
13823
13307
6141
30109
237
10541
3287
21915
3215
1887
2527
16283
533
3338
19334
25340
1983
21167
10951
18431
31159
13815
1724
21050
6215
21887
30183
27887
7095
5791
24561
11511
6630
16362
18763
8127
3643
3823
21455
24567
19573
20178
15354
19782
26614
10751
5017
23862
6778
16382
7151
27391
4095
10110
15343
8632
6067
10557
8191
17837
2047
7126
7135
26263
0
3503
16117
13811
1535
27599
17151
13503
18927
30735
14266
16584
7417
6031
22169
29119
14303
11261
16111
21479
12357
959
2011
8189
7950
6654
20334
1927
29119
16361
14963
8681
23801
3703
26589
14847
9975
1982
8187
379
27198
7152
2043
25470
199
1779
5629
31487
11391
5115
7550
8201
5627
10239
28849
14029
17783
610
16378
29071
25087
14809
8149
7961
14620
1445
25063
95
28247
5119
8015
23583
11902
11758
21887
16365
20222
23004
6075
959
16059
13303
22507
8175
28287
26363
29849
24683
13175
16377
3933
32401
31159
3646
11740
5119
13179
8107
7583
511
2681
22522
3390
6907
4989
5631
7127
20461
14830
4386
3583
24547
4114
14839
3949
8173
24563
9215
9127
26486
16635
29115
3759
503
18389
1717
22142
7150
3925
13301
17370
591
7996
30606
2803
20350
12991
16767
30199
19927
8191
2047
703
17595
5731
18947
6108
18191
18383
8187
14361
26462
6607
16732
7449
12242
28103
8187
22399
1526
11291
14063
3578
18303
30687
2767
18771
7917
7929
25503
18639
14562
19391
5929
24443
14327
443
10207
17845
8289
26079
7610
20114
2003
12418
210
2019
28855
820
7254
27382
12639
13063
1262
11215
7919
4086
29118
16079
26462
3950
373
24479
11263
13693
9579
10179
7167
16307
26476
891
24809
26235
25852
16374
15229
25407
8315
12089
20158
12271
22079
925
8123
3961
1977
6015
17067
9149
759
16119
3943
16383
814
9883
3391
14271
6135
27359
12199
24995
19895
14703
22527
18430
15999
26205
3293
24553
28639
10239
3863
6655
32566
7155
24255
2991
21242
1775
10112
9759
5643
28412
23271
16265
3700
2043
8190
30719
890
16315
8110
355
19959
26363
713
4859
7935
5887
6401
12259
511
30452
4575
21951
8147
3055
1919
16327
1535
14315
1911
3581
24574
2814
15531
9342
666
6606
2679
9051
13848
30334
16381
15087
9535
19429
15815
14638
16319
14742
12778
7126
18430
27355
24365
19851
16253
93
12542
19439
16125
8063
26549
6114
16127
15819
8151
8639
8158
20123
1790
1023
7967
11238
3769
831
30524
25023
24311
24540
20286
12007
6847
1023
879
5535
5007
927
9691
4079
20083
10223
11197
24559
19868
28399
17466
15285
14845
28654
19967
29037
9719
14259
14297
11261
1279
7981
7541
16107
3955
25821
8063
12527
7028
12117
14525
8407
17637
18935
20291
10479
9970
959
1405
16318
7151
4751
16489
17526
4974
12777
639
9207
6591
24031
20922
29175
11711
29403
8191
26616
998
24489
32063
16255
973
20469
1787
1533
18943
13311
15615
185
28413
14206
2559
2791
15851
8147
15774
3263
31495
11117
8943
3763
6077
32107
21480
8166
4071
27775
27867
6622
4095
