19386
0
14079
0
27575
0
10221
27775
13691
15788
14293
29180
22463
15095
6855
24567
23407
0
24063
0
16382
0
7671
0
0
29653
26366
8135
0
15807
0
5500
24573
0
7790
3070
13276
22854
0
0
27994
0
7679
0
16063
10908
21082
15867
10197
14332
0
12789
21438
32238
0
16375
15991
24556
0
0
14198
24058
11761
12118
15966
15067
27103
24318
0
14255
0
5853
23545
0
8045
0
12279
16347
0
0
5615
5599
15343
13106
0
0
13844
24456
6306
12207
0
13311
0
14687
8122
23452
0
24308
9214
16173
21927
9969
20281
0
0
2046
7595
0
29619
5118
7676
8158
0
0
10207
31994
0
16127
25598
24181
0
0
0
18367
23411
0
10221
15806
0
12180
15087
0
0
15806
12062
0
10144
0
13759
22923
0
10095
8059
0
16378
0
16381
5119
7807
0
24538
0
0
0
0
7226
16247
0
13246
9695
0
12216
12223
0
9210
0
15869
3452
20122
0
0
990
7767
0
8190
23543
0
6527
22903
18351
20222
4070
21725
20415
23484
6622
16244
15960
17818
0
12149
15223
22440
7927
8022
0
0
8159
7992
13337
0
0
29618
16111
18933
28130
7164
2399
0
13160
26549
5367
0
0
0
8182
22198
24537
0
14310
14045
16383
0
2559
0
16372
0
0
0
6104
10647
0
16364
0
11236
14117
7024
16367
14255
0
16312
9199
24415
8043
8158
14015
0
15864
10231
0
0
0
0
7677
0
8191
0
0
0
15864
0
0
15103
12865
16382
24446
6015
23466
24430
2535
7802
0
20478
0
0
0
0
19893
19674
8057
0
0
11772
10235
2385
0
0
23976
0
3370
15307
0
15095
30622
0
28191
0
1374
0
21943
0
4081
0
0
0
23599
28671
0
11462
0
16382
13161
12286
7668
7679
0
18302
19951
0
17916
8183
30649
0
7546
7039
0
0
0
0
0
16380
24155
26223
0
0
24424
19935
7927
0
15239
0
0
15354
11004
16240
11199
0
28397
21489
16095
7163
0
10168
14257
0
11998
2047
0
16092
14016
28414
22463
24543
0
0
11229
26319
16365
0
23005
26618
1782
7672
15323
10173
0
14318
19934
7103
16377
0
23984
6831
24043
0
14046
28663
16248
27647
8186
6141
16319
24500
0
16376
0
2030
0
6138
25430
24432
27578
0
0
15353
0
14430
0
16045
15535
16302
0
16382
12287
0
13758
24254
20346
22516
0
14334
24557
0
4091
13685
0
0
0
9719
24499
16316
27230
0
0
16312
17897
12264
13554
26812
14748
23528
15533
0
0
0
0
1979
8186
14331
0
0
884
4049
0
7628
7294
23994
10207
10615
15803
4079
16373
0
0
5368
0
11238
27642
8181
0
16188
15347
14068
0
26358
20479
0
19963
12252
30058
31228
30207
20082
6526
16111
0
7096
16255
0
0
12283
0
16349
0
15868
22458
0
0
0
0
13823
12283
0
28125
0
10541
0
21915
3215
0
0
16283
0
0
19334
20220
0
21166
10950
18431
31159
13814
0
20410
5959
15743
30183
24303
7095
5791
24560
0
0
16360
17391
0
0
0
21453
24567
15989
20176
15352
16367
16374
10750
0
23858
6776
16380
0
27390
0
10108
15342
0
4087
0
0
17837
0
0
7134
20183
0
0
16116
0
0
27598
17151
13502
18927
30143
14264
7647
7416
6031
22169
23999
14302
0
16110
21478
0
0
2010
8188
0
6654
20330
1927
28095
16360
14962
0
23801
0
26589
0
0
0
0
0
16190
0
0
25470
0
1779
0
31487
0
5114
7548
0
0
10239
28159
14029
17782
0
16376
29070
25083
14808
0
0
14612
0
23543
0
28247
0
8015
16287
0
0
21887
16365
8190
22988
0
0
16057
13303
22506
8175
28286
26363
28381
23915
13174
16376
3933
32369
31158
0
11740
0
0
8107
7583
0
0
22520
0
6907
4989
0
7127
20461
14830
0
0
24546
0
14837
0
0
24562
9211
0
26486
6395
29115
0
0
16341
0
16254
7148
3924
13300
17370
0
7996
30604
2803
20350
12991
16767
30198
19926
8190
0
0
11963
0
6979
6104
16367
18382
8186
0
24414
6606
14334
7448
12242
24519
8186
22398
0
0
14062
0
18303
30687
2766
16383
0
7929
25503
18639
0
19391
5921
24441
14327
0
10207
17845
6901
24031
7608
8114
2002
7630
0
0
26295
0
0
27382
0
0
0
11087
7918
0
28606
16078
26462
3950
0
24478
11262
13692
7531
4095
0
16306
26476
890
15593
14203
25852
16372
15229
25407
0
12088
7935
0
22078
0
8123
0
0
0
7083
9148
0
16119
3942
16382
0
9883
0
14269
6134
24287
12199
24995
19894
14702
22526
18430
15998
26204
0
24553
28639
10237
3863
0
32255
0
24254
2991
15098
0
8179
9759
0
28412
23271
16264
0
0
8188
30718
0
16313
8108
0
16375
26362
0
4859
7934
5887
0
12258
0
30452
4575
21951
8147
0
0
16326
1535
14314
0
3580
24542
2814
15531
8062
666
0
0
9051
0
30334
16381
15087
9531
18431
15815
14638
16319
14326
0
7126
14334
24539
24364
19850
16252
0
0
19438
16124
0
26549
6114
16126
15817
8150
0
0
20123
1790
0
7967
0
0
0
30524
15807
24311
24540
16190
12006
0
0
0
5535
0
0
0
0
12287
0
11197
24558
19860
28399
15742
15285
14844
28654
15871
29036
0
0
14297
11260
0
0
7540
16107
3954
23773
8063
0
7024
12116
14525
1015
4085
12279
8131
10478
0
0
0
16316
0
0
16383
15478
0
12776
0
0
0
24030
13754
29175
11711
24283
8191
26616
0
24489
32063
16254
0
20469
0
0
7167
13311
15615
0
28412
14206
0
2791
15851
8146
15772
0
31471
11116
0
3763
0
32106
21480
8164
0
27773
27803
0
4095
